Best trial:
  Value: 1.250499593141751
  learning_rate: 0.07990571000627739
  beat1: 0.8062187500000001
